0.033950 30.667
0.068255 36.917
0.102605 39.935
0.136870 44.561
0.171158 47.281
0.205460 49.960
0.239697 54.161
0.273949 56.604
0.308218 57.976
0.342603 61.541
0.376974 64.000
0.411296 64.869
0.445651 66.590
0.480015 67.088
0.514244 68.987
0.548549 70.859
0.583067 72.183
0.617430 73.710
0.651706 74.893
0.686019 76.136
0.720302 75.881
0.754649 77.796
0.788983 78.677
0.823325 79.606
0.857844 80.031
0.892131 80.352
0.926360 80.278
0.960650 80.700
0.994926 80.487
1.029304 80.559
1.063577 80.935
1.097916 81.094
1.132203 80.923
1.166504 80.754
1.200844 81.386
