0.199250 41.230
0.394224 49.340
0.588521 57.670
0.797708 59.430
1.003302 65.460
1.220327 68.260
1.436147 72.470
1.663193 74.290
1.888360 75.030
2.104221 75.790
2.320126 76.720
2.519199 80.030
2.749608 80.190
2.946761 80.510
3.141373 81.090
3.357648 81.000
3.564407 81.170
3.788928 81.520
4.002694 81.630
4.197734 82.230
4.414376 82.370
4.631987 81.700
4.851625 82.260
5.062099 82.520
5.257793 82.470
5.453132 82.670
5.648498 82.350
5.844181 82.290
6.039286 82.020
6.233849 82.540
6.428678 82.360
6.623726 82.340
6.819580 82.170
7.014277 82.900
7.209213 82.240
7.404072 83.020
7.599092 83.160
7.794802 83.420
7.990291 82.930
8.185069 83.070
8.379845 83.510
8.574741 83.070
8.770069 82.710
8.965442 83.220
9.161035 83.530
9.356400 82.640
9.551451 83.060
9.747077 81.100
