0.043172 4.113
0.087402 7.641
0.131527 8.700
0.175633 9.563
0.219801 11.558
0.263908 13.663
0.307991 14.847
0.352151 15.466
0.396330 17.382
0.440436 19.105
0.484526 18.979
0.528641 20.080
0.572784 20.422
0.616979 21.926
0.660976 22.999
0.705092 23.736
0.749123 25.192
0.793192 26.209
0.837246 28.262
0.881238 28.931
0.925303 29.052
0.969323 29.109
1.013435 30.476
1.057630 31.867
1.101697 33.106
1.145756 34.341
1.189983 34.066
1.234198 34.116
1.278260 35.610
1.322309 36.455
1.366398 36.539
1.410519 37.426
1.454578 37.808
1.498715 38.297
1.542715 38.717
1.586852 39.110
1.630904 39.368
1.674903 39.821
1.718957 40.972
1.763055 40.383
1.807150 41.966
1.851182 42.210
1.895257 43.423
1.939346 43.191
1.983358 44.051
2.027335 43.801
2.071460 44.786
2.115521 44.795
2.159551 45.272
2.203600 46.214
2.247637 46.535
2.291682 46.591
2.335732 45.799
2.379742 45.870
2.423873 45.666
2.468042 46.470
2.512121 47.223
2.556164 47.340
2.600169 47.649
2.644203 48.777
2.688208 47.946
2.732210 48.013
2.776230 48.487
2.820264 48.752
2.864353 49.773
2.908451 50.415
2.952488 51.004
2.996457 51.788
3.040598 51.866
3.084639 51.480
3.128662 50.711
3.172745 50.348
3.216837 50.954
3.260889 51.676
3.304947 51.633
3.349199 51.878
3.393289 51.570
3.437338 52.428
3.481441 52.799
3.525488 53.059
3.569545 52.483
3.613593 52.442
3.657641 52.328
3.701693 53.255
3.745868 52.768
3.789986 53.472
3.834068 54.539
3.878130 54.036
3.922171 53.969
3.966383 53.481
4.010459 53.064
4.054531 53.927
4.098577 53.454
4.142607 54.058
4.186756 54.309
4.230836 54.282
4.275007 54.659
4.319227 54.385
4.363388 55.323
4.407483 55.229
4.451480 54.231
4.495548 54.448
4.539549 53.852
4.583542 54.056
4.627644 55.345
4.671798 56.307
4.715890 55.965
4.760074 56.987
4.804129 56.800
4.848296 55.769
4.892454 55.990
4.936641 55.982
4.980853 56.237
5.025036 55.836
5.069173 56.253
5.113194 56.050
5.157305 56.591
5.201294 55.636
5.245306 55.941
5.289371 56.405
5.333464 56.640
5.377532 55.846
5.421591 56.374
5.465719 57.403
5.509690 57.747
5.553712 56.704
