0.068056 5.229
0.136111 6.948
0.204167 8.098
0.272222 10.684
0.340278 11.255
0.408333 12.407
0.476389 14.900
0.544444 16.961
0.612500 18.395
0.680556 19.163
0.748611 20.083
0.816667 20.321
0.884722 20.665
0.952778 21.557
1.020833 22.965
1.088889 24.025
1.156944 24.589
1.225000 25.432
1.293056 26.724
1.361111 28.137
1.429167 28.804
1.497222 29.589
1.565278 30.809
1.633333 32.550
1.701389 32.651
1.769444 33.861
1.837500 33.176
1.905556 33.133
1.973611 34.370
2.041667 35.140
2.109722 35.892
2.177778 36.795
2.245833 38.574
2.313889 38.710
2.381944 38.925
2.450000 40.044
2.518056 41.249
2.586111 41.672
2.654167 41.312
2.722222 42.002
2.790278 42.746
2.858333 42.447
2.926389 42.770
2.994444 43.967
3.062500 43.114
3.130556 44.267
3.198611 44.759
3.266667 45.146
3.334722 44.778
3.402778 45.968
3.470833 45.880
3.538889 46.527
3.606944 46.263
3.675000 46.018
3.743056 45.992
3.811111 47.262
3.879167 48.091
3.947222 47.725
4.015278 49.036
4.083333 48.633
4.151389 47.867
4.219444 47.699
4.287500 47.762
4.355556 47.966
4.423611 49.447
4.491667 50.505
4.559722 50.052
4.627778 50.136
4.695833 51.078
4.763889 50.787
4.831944 50.980
4.900000 50.424
4.968056 50.011
5.036111 50.800
5.104167 51.442
5.172222 52.119
5.240278 51.024
5.308333 51.539
5.376389 52.134
5.444444 52.912
5.512500 52.822
5.580556 52.983
5.648611 53.294
5.716667 53.398
5.784722 52.832
5.852778 53.228
5.920833 53.944
5.988889 54.374
6.056944 54.585
6.125000 55.105
6.193056 54.557
6.261111 53.635
6.329167 53.442
6.397222 53.891
6.465278 54.350
6.533333 54.901
6.601389 55.362
6.669444 54.204
6.737500 54.561
6.805556 54.270
6.873611 54.011
6.941667 54.712
7.009722 55.393
7.077778 55.360
7.145833 55.897
7.213889 55.294
7.281944 55.421
7.350000 56.455
7.418056 55.428
7.486111 55.241
7.554167 55.319
7.622222 56.094
7.690278 55.969
7.758333 56.554
7.826389 55.658
7.894444 55.196
7.962500 55.961
8.030556 56.610
8.098611 56.507
8.166667 55.951
8.234722 55.561
8.302778 56.391
8.370833 56.707
8.438889 56.634
8.506944 56.270
8.575000 55.688
