0.082997 4.184
0.173615 6.561
0.265284 7.799
0.355886 9.639
0.446070 11.268
0.536754 13.000
0.627743 14.678
0.719677 16.072
0.810369 17.197
0.901492 18.605
0.992706 19.281
1.084238 20.271
1.176042 20.990
1.267195 22.295
1.360637 23.456
1.451733 24.169
1.543124 25.054
1.634019 26.048
1.726722 27.408
1.818178 28.282
1.909774 29.406
2.000890 29.912
2.092918 30.958
2.184324 32.069
2.274809 32.526
2.364861 33.194
2.456774 33.017
2.547732 33.705
2.638297 34.954
2.729440 36.146
2.821884 36.451
2.914087 36.923
3.005319 37.949
3.097103 38.485
3.191213 38.833
3.284266 39.631
3.377437 40.232
3.471043 40.607
3.561735 41.112
3.653506 41.151
3.744424 41.944
3.834310 41.998
3.924886 42.925
4.015242 43.476
4.105955 43.428
4.197741 43.662
4.288363 44.092
4.378838 44.397
4.469066 44.996
4.561530 45.424
4.652805 45.676
4.743451 45.821
4.834070 45.945
4.922508 45.767
5.013258 46.334
5.103803 46.779
5.194519 47.215
5.285264 47.444
5.374982 48.098
5.465067 48.722
5.555482 48.449
5.647067 48.822
5.737114 48.920
5.827468 49.152
5.918539 49.433
6.011483 49.913
6.104327 50.037
6.196851 50.654
6.289502 50.698
6.381443 49.987
6.474139 50.061
6.567664 49.805
6.659963 50.356
6.752025 51.198
6.844809 51.219
6.937674 51.437
7.031706 51.346
7.123855 51.566
7.216247 51.776
7.307982 52.139
7.399353 52.426
7.492719 52.724
7.585428 52.787
7.677786 52.830
7.770601 53.051
7.863447 53.220
7.956109 53.785
8.048255 53.761
8.140767 53.735
8.233804 54.031
8.325984 53.792
8.420031 53.675
8.512330 54.084
8.605002 54.187
8.698240 54.259
8.789815 54.561
8.881962 54.973
8.973540 54.579
9.064257 54.763
9.155886 54.484
9.248047 54.438
9.340407 54.305
9.433318 54.409
9.525669 54.793
9.617773 55.076
9.709320 55.451
9.802914 55.676
9.895234 56.021
9.988287 55.718
10.079829 55.462
10.171600 55.741
10.264010 55.866
10.356778 55.941
10.448482 55.964
10.540623 55.837
10.633225 56.044
10.724968 56.416
10.816683 56.123
10.909187 56.548
11.001553 56.639
11.093552 56.657
11.186625 56.499
11.278797 56.700
11.370741 57.078
11.462800 56.936
11.555713 56.757
11.647064 56.680
11.735756 56.640
