0.184932 4.079
0.369954 6.209
0.555231 8.466
0.740337 10.725
0.925460 13.184
1.111375 15.371
1.297051 17.590
1.482576 18.742
1.668131 19.925
1.853195 21.305
2.038898 22.503
2.224626 24.316
2.410571 25.438
2.596364 26.727
2.781905 27.668
2.967627 28.728
3.153381 29.510
3.338800 30.717
3.524189 31.599
3.709250 32.722
3.894790 33.070
4.080411 32.858
4.265702 33.967
4.450893 34.959
4.635816 36.270
4.820838 37.009
5.005995 37.579
5.191169 38.263
5.376519 39.684
5.562028 40.663
5.747131 41.772
5.932787 42.495
6.118275 43.176
6.303864 43.684
6.489822 43.884
6.675640 45.178
6.861276 44.601
7.045944 45.166
7.230590 46.378
7.415323 46.548
7.600527 47.108
7.786060 47.412
7.971108 48.394
8.155888 48.568
8.340887 49.320
8.526489 49.876
8.711896 49.621
8.897430 50.425
9.082857 50.665
9.267861 50.789
9.453229 50.895
9.639482 51.421
9.824523 52.258
10.009596 52.408
10.194679 53.276
10.380024 53.924
10.565509 54.091
10.750638 54.423
10.935759 54.843
11.120925 54.548
11.306250 55.076
11.491446 55.698
11.676669 56.093
11.861749 56.529
12.046617 56.781
12.234089 57.353
12.419510 57.580
12.604761 57.511
12.790304 57.791
12.975918 58.080
13.161062 58.174
13.346506 58.552
13.531916 58.778
13.717156 59.167
13.902394 58.400
14.086776 59.067
14.262904 58.914
14.438819 59.285
14.614691 59.650
14.790820 60.390
14.966812 60.366
15.143031 60.741
15.319354 60.781
15.495727 61.074
15.672436 60.971
15.848592 60.577
16.024615 60.883
16.200717 61.240
16.376720 61.129
16.552659 61.356
16.728884 61.372
16.904966 61.444
17.081296 61.677
17.257131 61.896
17.432716 62.206
17.608586 62.076
17.784804 62.383
17.960864 62.566
18.137081 62.387
18.313164 62.764
18.489395 62.843
18.665035 63.016
18.841134 63.120
19.017184 63.240
19.193236 63.429
19.369409 63.447
19.545617 63.563
19.721448 63.738
19.897450 64.158
20.073459 64.153
20.249820 63.987
20.426041 63.560
20.602255 63.521
20.813931 63.818
20.991501 63.764
21.168790 63.885
21.345829 64.210
21.523805 64.389
21.701925 64.239
21.879462 64.522
22.056720 64.566
22.234191 64.829
22.411919 64.598
22.589381 64.290
22.766713 64.248
22.944220 64.580
23.121537 64.553
23.298841 64.779
23.475886 65.083
23.653189 65.381
23.830710 65.255
24.008162 64.827
24.185246 65.086
24.363001 65.020
24.540604 64.996
24.717845 65.251
24.895729 64.782
25.073412 65.369
25.251096 65.390
25.428758 65.671
25.606321 65.639
25.783311 65.131
25.960573 65.415
26.138416 65.470
26.315685 65.840
26.492869 65.815
26.670538 65.847
26.847604 65.845
27.025260 65.754
27.202659 65.842
27.380049 66.147
27.557930 65.999
27.736382 66.099
27.913663 66.138
28.091119 65.973
28.268825 66.052
28.446740 66.152
28.623504 66.365
28.800890 66.524
28.978137 66.499
29.155484 66.357
29.332786 66.578
29.510904 66.483
29.688314 66.616
29.866111 66.491
30.043699 66.184
30.220985 66.442
30.398239 66.581
30.575506 66.633
30.752762 66.638
30.930563 66.619
31.107949 66.524
31.285493 67.025
31.463659 66.936
31.641595 67.072
31.819376 67.080
31.997169 66.948
32.175056 67.264
32.352308 67.205
32.529656 67.155
32.707572 66.993
