0.053739 26.302
0.108130 37.533
0.162433 42.963
0.217017 45.958
0.271533 49.179
0.325908 51.272
0.380337 54.071
0.434736 57.500
0.489204 58.258
0.543667 61.642
0.597989 65.123
0.652478 67.307
0.706951 68.615
0.761288 69.086
0.815730 71.453
0.870249 71.413
0.924744 72.223
0.979109 73.230
1.033552 73.521
1.088082 74.321
1.142364 74.697
1.196777 76.089
1.251130 77.445
1.305432 78.675
1.359930 79.414
1.414347 80.169
1.468608 80.518
1.522917 80.832
1.577339 80.603
1.631893 80.570
1.686285 80.342
1.740811 80.518
1.795228 80.727
1.849667 81.374
1.904168 81.033
