0.195764 30.850
0.382655 34.975
0.571479 37.860
0.760481 41.091
0.932057 43.094
1.101841 45.006
1.271805 47.695
1.436329 50.089
1.606847 52.409
1.779830 53.854
1.948550 56.362
2.122144 58.049
2.307222 59.707
2.500228 61.182
2.681796 62.181
2.852066 62.561
3.022628 63.341
3.192386 64.365
3.364966 64.451
3.535644 65.330
3.708844 65.210
3.881262 65.026
4.065775 65.384
4.243812 65.502
4.411712 64.581
4.582555 65.537
4.754992 65.438
4.930395 66.007
5.106192 66.524
5.280126 67.198
5.463351 67.275
5.642350 66.941
5.814755 67.337
5.985499 68.294
6.165106 68.208
6.344091 68.161
6.517600 68.173
6.683725 68.540
6.850904 68.644
7.026344 69.150
7.200074 69.126
7.375674 69.148
7.553936 69.145
7.732979 69.287
7.907007 69.520
8.079040 69.812
8.247051 69.911
8.429587 70.123
8.601165 69.978
8.771797 70.183
8.941355 70.302
9.117794 70.617
9.288696 70.474
9.459183 70.400
9.631889 70.636
9.801668 70.806
9.969747 70.807
10.140621 70.940
10.311034 70.848
10.484895 70.817
10.678081 70.918
10.861188 70.743
11.029111 70.910
11.195780 70.838
11.373356 70.707
11.563595 70.756
11.732763 70.814
