0.047965 2.632
0.095887 5.053
0.143817 7.249
0.191743 9.629
0.239661 11.952
0.287604 13.838
0.335584 15.092
0.383521 16.625
0.431504 18.001
0.479424 19.229
0.527369 20.372
0.575298 21.143
0.623211 21.751
0.671048 23.022
0.719023 24.340
0.766945 25.687
0.814818 26.962
0.862820 27.639
0.910731 28.338
0.958738 29.050
1.006663 29.009
1.054576 29.364
1.102508 29.431
1.150438 29.267
1.198364 29.315
1.246330 31.068
1.294225 31.273
1.342160 31.804
1.390091 33.147
1.437973 34.274
1.485911 34.834
1.533885 35.052
1.581811 34.745
1.629876 35.876
1.677743 36.701
1.725650 36.348
1.773575 36.780
1.821451 37.682
1.869393 38.370
1.917307 38.899
1.965210 38.456
2.013124 39.126
2.061064 39.879
2.108984 40.565
2.156914 41.006
2.204798 42.235
2.252704 41.949
2.300642 42.099
2.348568 42.511
2.396440 43.577
2.444366 44.421
2.492249 44.430
2.540174 45.138
2.588052 45.591
2.635917 46.010
2.683674 45.910
2.731560 45.967
2.779373 46.469
2.827258 46.361
2.875181 46.939
2.923152 47.316
2.971192 47.103
3.019233 46.800
3.067180 48.372
3.115174 48.351
3.163087 47.987
3.211048 48.295
3.258950 48.480
3.306878 48.503
3.354753 48.722
3.402722 49.028
3.450794 50.002
3.498708 51.054
3.546585 51.422
3.594543 51.614
3.642387 51.553
3.690377 51.838
3.738254 51.746
3.786329 52.159
3.834284 52.143
3.882252 52.426
3.930195 52.070
3.978176 52.528
4.026134 52.540
4.074221 52.840
4.122269 53.107
4.170171 52.917
4.218157 53.154
4.266023 53.676
4.313956 54.136
4.361987 54.119
4.409874 54.664
4.457863 54.261
4.506090 54.808
4.553992 54.756
4.601759 55.427
4.649826 55.127
4.697887 55.240
4.745858 55.396
4.793844 55.693
4.841748 55.726
4.889672 56.672
4.937662 57.181
4.985708 58.071
5.033691 58.079
5.081746 58.669
5.129742 58.204
5.177865 58.363
5.225846 58.429
5.273847 58.469
5.321778 59.195
5.370058 58.958
5.418042 59.254
5.466122 59.257
5.514088 59.170
5.562201 59.820
5.610371 59.479
5.658639 59.041
5.706713 59.333
5.754689 59.743
5.802631 59.871
5.850664 60.261
5.898737 60.524
5.947041 60.974
5.994961 61.331
6.042954 61.049
6.090870 61.611
6.138833 61.217
6.186839 61.945
6.234762 62.207
6.282800 62.481
6.330790 62.353
6.378776 62.481
6.426709 62.177
6.474694 62.142
6.522807 62.822
6.570789 63.142
6.618932 62.984
6.666914 63.035
6.714969 63.241
6.762874 63.247
6.810857 63.427
6.858790 64.061
6.906713 63.769
6.954760 63.593
7.002817 63.693
7.050794 63.840
7.098807 63.578
7.146766 63.099
7.194895 62.928
7.242911 62.738
7.290894 63.151
7.338982 63.398
7.386971 63.546
7.434896 63.723
7.482830 64.034
7.530818 64.103
7.578801 63.882
7.626744 63.515
7.674716 63.266
7.722741 64.257
7.770806 64.325
7.818791 63.781
7.866732 64.507
7.914698 64.650
7.962632 64.619
8.010570 64.396
8.058486 64.350
8.106637 64.264
8.154681 64.329
8.202609 64.748
8.250529 65.000
8.298408 64.361
8.346387 64.241
8.394322 64.432
8.442311 65.073
8.490334 64.288
8.538395 63.876
8.586382 63.862
8.634321 64.585
8.682294 64.288
8.730221 64.724
8.778151 64.079
8.826089 63.955
8.874016 64.319
8.921999 64.889
8.969977 64.792
9.017899 65.055
9.065892 64.891
9.113947 64.998
9.161981 65.471
9.209975 65.843
9.257896 66.271
9.305824 65.767
9.353869 65.085
9.401850 64.997
9.449779 64.711
9.497827 64.772
9.545811 64.605
9.593733 64.826
9.641769 65.330
9.689715 66.012
9.737692 66.304
9.785622 66.480
9.833536 65.942
9.881588 65.970
9.929578 66.425
9.977562 65.529
10.025491 65.780
10.073415 66.195
10.121354 66.618
10.169384 66.463
10.217374 66.195
10.265427 66.473
10.313512 66.639
10.361502 66.593
10.409535 66.624
10.457581 66.642
10.505504 66.828
10.553388 67.087
10.601372 66.744
10.649742 66.802
10.697786 67.042
10.745710 67.068
10.793639 66.821
10.841750 66.907
10.889674 67.718
10.937708 67.387
10.985754 67.275
11.033754 67.384
11.081769 67.420
11.129707 66.828
11.177692 66.794
11.225680 67.241
11.273667 66.837
11.321656 66.887
11.369631 66.888
11.417564 66.508
11.465616 67.070
11.513591 67.407
11.561696 67.258
11.609800 67.783
11.657768 68.302
11.705707 67.679
11.753818 67.830
11.801779 67.571
11.849875 67.210
11.897947 67.257
11.945962 67.197
11.993895 67.045
