0.076994 1.968
0.154805 4.789
0.232593 7.246
0.310328 10.086
0.388055 12.087
0.465832 14.057
0.543623 15.226
0.621413 17.602
0.699222 18.767
0.776988 19.785
0.854785 20.949
0.932552 21.970
1.010321 23.461
1.088124 23.568
1.165937 24.604
1.243763 25.874
1.321531 26.636
1.399323 27.509
1.477172 27.153
1.555002 28.144
1.632844 28.599
1.710633 29.706
1.788471 29.629
1.866272 30.555
1.944052 31.203
2.021815 31.870
2.099606 32.178
2.177468 33.334
2.255280 32.732
2.333102 33.389
2.410961 33.969
2.488791 34.455
2.566563 35.488
2.644373 35.460
2.722206 36.044
2.799937 36.164
2.877752 37.022
2.955500 37.630
3.033353 38.180
3.111214 38.371
3.189013 39.504
3.266841 39.860
3.344663 40.074
3.422469 40.202
3.500275 40.880
3.578055 40.686
3.655865 41.402
3.733664 41.925
3.811515 41.729
3.889351 42.445
3.967219 42.087
4.044982 41.965
4.122743 43.003
4.200589 42.515
4.278419 43.703
4.356246 44.370
4.434059 44.307
4.511891 44.964
4.589766 44.895
4.667582 45.178
4.745384 45.486
4.823185 45.718
4.901022 45.810
4.978794 46.468
5.056592 46.723
5.134350 46.367
5.212143 46.200
5.289969 47.164
5.367788 47.789
5.445623 48.118
5.523469 49.010
5.601310 48.989
5.679146 49.810
5.756990 49.794
5.834832 50.293
5.912663 50.685
5.990452 50.319
6.068259 50.886
6.146092 50.948
6.223927 50.846
6.301722 51.017
6.379671 50.795
6.457532 51.172
6.535348 52.185
6.613250 52.376
6.691094 52.537
6.768972 52.957
6.846796 52.191
6.924554 51.824
7.000000 52.531
7.077778 53.067
7.155556 53.461
7.233333 53.724
7.311111 53.790
7.388889 54.366
7.466667 55.005
7.544444 55.339
7.622222 55.574
7.700000 55.399
7.777778 55.559
7.855556 55.826
7.933333 56.106
8.011111 56.577
8.088889 56.949
8.166667 57.979
8.244444 58.332
8.322222 58.590
8.400000 58.766
8.477778 58.402
8.555556 58.567
8.633333 58.825
8.711111 59.182
8.788889 59.496
8.866667 59.670
8.944444 59.399
9.022222 59.516
9.100000 59.463
9.177778 59.416
9.255556 59.289
9.333333 59.501
9.411111 59.476
9.488889 60.243
9.566667 60.828
9.644444 61.067
9.722222 60.900
9.800000 61.512
9.877778 61.452
9.955556 61.955
10.033333 62.334
10.111111 62.400
10.188889 62.312
10.266667 62.459
10.344444 62.291
10.422222 61.960
10.500000 62.149
10.577778 62.796
10.655556 62.506
10.733333 62.354
10.811111 62.810
10.888889 62.809
10.966667 63.084
11.044444 63.452
11.122222 63.453
11.200000 63.907
11.277778 63.578
11.355556 63.613
11.433333 63.361
11.511111 63.362
11.588889 63.010
11.666667 62.786
11.744444 63.129
11.822222 63.093
11.900000 63.321
11.977778 63.805
12.055556 63.578
12.133333 63.437
12.211111 63.398
12.288889 63.657
12.366667 63.593
12.444444 63.648
12.522222 63.784
12.600000 63.525
12.677778 63.885
12.755556 63.825
12.833333 64.301
12.911111 64.656
12.988889 64.897
13.066667 64.832
13.144444 64.999
13.222222 64.513
13.300000 64.539
13.377778 64.841
13.455556 64.821
13.533333 64.594
13.611111 65.140
13.688889 64.896
13.766667 64.742
13.844444 64.225
13.922222 64.122
14.000000 64.144
14.077778 64.085
14.155556 63.988
14.233333 64.344
14.311111 64.199
14.388889 64.082
14.466667 64.002
14.544444 64.159
14.622222 64.679
14.700000 64.697
14.777778 64.839
14.855556 64.918
14.933333 65.845
15.011111 65.753
15.088889 65.252
15.166667 64.797
15.244444 64.407
15.322222 64.288
15.400000 64.556
15.477778 64.384
15.555556 64.395
15.633333 65.034
15.711111 65.342
15.788889 66.195
15.866667 65.792
15.944444 65.886
16.022222 66.321
16.100000 65.931
16.177778 66.261
16.255556 66.217
16.333333 66.171
16.411111 66.216
16.488889 65.837
16.566667 66.028
16.644444 66.072
16.722222 66.591
16.800000 66.869
16.877778 66.777
16.955556 66.423
17.033333 66.492
17.111111 66.387
17.188889 66.319
17.266667 66.394
17.344444 66.959
17.422222 66.617
17.500000 66.374
17.577778 67.254
17.655556 67.359
17.733333 67.718
17.811111 67.507
17.888889 67.793
17.966667 67.530
18.044444 67.468
18.122222 67.573
18.200000 67.274
18.277778 66.794
18.355556 66.600
18.433333 66.862
18.511111 67.265
18.588889 67.661
18.666667 67.369
18.744444 67.660
18.822222 68.157
18.900000 68.080
18.977778 68.232
19.055556 67.990
19.133333 67.802
19.211111 67.733
19.288889 67.333
19.366667 67.556
