0.071470 24.333
0.143758 28.847
0.216040 31.476
0.288290 34.883
0.360518 37.873
0.432663 40.071
0.504796 41.505
0.576934 43.198
0.649082 43.971
0.721392 45.145
0.793487 46.336
0.865700 47.582
0.937957 48.684
1.010075 50.234
1.082153 51.519
1.154210 52.867
1.226348 53.943
1.298455 54.855
1.370648 56.024
1.442970 57.214
1.515253 58.240
1.587580 57.611
1.659831 58.078
1.732115 59.647
1.804269 58.899
1.876429 59.028
1.948529 60.661
2.020609 60.708
2.092718 61.314
2.164764 62.344
2.236841 61.851
2.308945 61.866
2.381177 62.364
2.453351 63.152
2.525517 64.569
2.597610 66.037
2.669675 66.780
2.741973 67.043
2.814099 67.864
2.886179 67.551
2.958276 66.871
3.030417 68.298
3.102500 69.127
3.174722 70.002
3.246944 70.094
3.319167 70.460
3.391389 70.404
3.463611 70.722
