0.168095 23.672
0.250003 28.727
0.331911 33.779
0.416736 36.222
0.501562 38.667
0.581175 40.006
0.660789 41.362
0.750194 42.813
0.839600 44.261
0.923036 45.210
1.006472 46.145
1.088104 47.397
1.169736 48.664
1.248137 50.201
1.326538 51.750
1.413476 52.089
1.500413 52.432
1.581818 53.946
1.663222 55.478
1.745778 57.044
1.828333 58.610
1.918695 59.600
2.009056 60.577
2.092827 61.168
2.176598 61.754
2.250411 61.966
2.324224 62.178
2.415714 63.250
2.507203 64.308
2.587967 64.283
2.668730 64.272
2.749848 64.638
2.830965 65.001
2.913319 65.452
2.995672 65.907
3.082919 66.040
3.170166 66.169
3.251318 66.521
3.332470 66.889
3.418094 67.064
3.503717 67.227
3.586810 67.545
3.669904 67.880
3.747948 68.304
3.825993 68.740
3.915675 69.192
4.005357 69.632
4.090836 69.908
4.176315 70.167
4.259518 70.466
4.342721 70.769
4.422494 70.901
4.502267 71.036
4.579909 71.158
4.657552 71.291
4.740483 71.175
4.823414 71.068
4.908047 71.050
4.992679 71.028
5.084083 70.916
5.175487 70.817
5.252439 70.887
5.329391 70.971
5.413357 71.064
5.497323 71.158
5.585977 71.442
5.674631 71.739
5.752126 71.588
5.829621 71.431
